10 2
111000101111100100111100101111100010000000011111011010000100110
1110001011111001001011100101111100010000000011111011010000100110
1110001011111001001011100101111100010000000011111011010000100110 
1110001011111001001011100101111100010000000011111011010000100110
1110001011111001001011100101111100010000000011111011010000100110
1110001011111001001001100101111100010000000011111011010000100110
1110001011111001001011100101111100010000000011111011010000100110
1110001011111001001011100101111100010000000011111011010000100110
1110001011111001001011100101111100010000000011111011010000100110
1110001011111001001011100101111100010000000011111011010000100110
